0.00100717 0
0.00258832 0
0.999773 1
0.000628082 0
0.00443289 0
0.0314382 0
0.949219 1
0.98591 1
0.999248 1
0.00379533 0
0.120843 1
0.000353097 0
0.00062054 0
0.000886664 0
0.999538 1
0.000348502 0
0.00113659 0
0.971957 1
0.904142 1
0.000303744 0
0.0532697 0
0.1047 0
0.0457345 0
0.999633 1
0.504982 1
0.0107818 0
0.00114077 0
0.00396302 0
0.00080169 0
0.999787 1
0.00711687 0
0.0053824 0
0.195794 0
0.00398212 0
0.999778 1
0.973776 1
0.996224 1
0.00097103 0
0.0187048 0
0.000600776 0
0.0262528 0
0.9994 1
0.0133911 0
0.99134 1
0.000218491 0
0.995609 1
0.00469085 0
0.00163302 0
0.00801113 0
0.999449 1
0.00251195 0
0.00146827 0
0.000627219 0
0.00130277 0
0.00212732 0
0.00104888 0
0.0143147 0
0.999659 1
0.157708 0
0.994792 1
0.999798 1
0.999829 1
0.948589 1
0.00491567 0
0.00155542 0
0.999737 1
0.00585728 0
0.0108253 0
0.000154984 0
0.000581019 0
0.000485985 0
0.00873628 0
0.00152556 0
0.999354 1
0.000995776 0
0.0370843 0
0.999747 1
0.322145 1
0.999766 1
0.998077 1
0.00608286 0
0.994941 1
0.000208183 0
0.000222054 0
0.116056 0
0.99982 1
0.597628 0
0.530876 1
0.505855 1
0.642399 1
0.000891007 0
0.407703 1
0.821931 1
0.999742 1
0.00351676 0
0.282228 0
0.614294 0
0.0908096 0
0.000297199 0
0.358304 0
0.00149902 0
0.000120259 0
0.000134985 0
0.999701 1
0.0144999 0
0.999692 1
0.00234702 0
0.000678136 0
0.00209843 0
0.999308 1
0.133801 0
0.00371547 0
0.442565 0
0.127659 0
0.0572425 0
0.00453352 0
0.00109648 0
0.0893952 0
0.00038231 0
0.999415 1
0.00379702 0
0.000812772 0
0.138468 0
0.999075 1
0.00347026 0
4.64396e-05 0
0.00405557 0
0.000590603 0
0.00404604 0
0.0149007 0
0.400264 0
0.997012 1
0.358375 0
0.998619 1
0.999776 1
0.00342326 0
0.000182171 0
0.165177 0
0.999351 1
0.00473718 0
0.000202534 0
0.987259 1
0.998084 1
0.00275128 0
0.00492678 0
0.000471765 0
0.000609174 0
0.000175121 0
0.030953 0
0.991559 1
0.00587318 0
0.0559103 1
0.0011666 0
0.999733 1
0.00147786 0
0.00826352 0
0.9997 1
0.89536 1
0.00778995 0
0.00446475 0
0.00262856 0
0.00924622 0
0.999685 1
0.00591537 0
0.00659906 0
0.999235 1
0.836512 1
0.99453 1
8.20254e-05 0
0.00259016 0
0.217924 0
0.0192523 0
0.0564249 0
0.956629 1
0.999613 1
0.999507 1
0.00393577 0
0.0280703 0
0.00156922 0
0.005321 0
0.00323946 0
0.999794 1
0.999685 1
0.833593 1
0.00101482 0
0.00172911 0
0.999085 1
0.999624 1
0.00211293 0
0.00422408 0
0.0163051 1
0.000153797 0
0.00157788 0
0.149868 0
0.999476 1
0.0152785 0
0.000525563 0
0.000829356 0
0.411629 0
0.00146027 0
0.00176958 0
0.0141949 0
0.000664126 0
0.987806 1
0.996201 1
0.997357 1
0.919155 1
0.000727093 0
0.990877 1
0.0133651 0
0.983838 1
7.92203e-05 0
0.0144554 0
0.999362 1
0.212433 0
0.0161749 0
0.999782 1
0.0041214 0
0.000345962 0
0.999704 1
0.144724 1
0.000130284 0
0.00195367 0
0.993689 1
0.999627 1
0.999546 1
0.989789 1
0.000449483 0
0.892012 1
0.999772 1
0.989148 1
0.99977 1
0.00128603 0
0.870703 1
4.27432e-05 0
0.0135836 0
0.99885 1
0.00880781 0
0.0189466 0
0.00101864 0
0.984822 1
0.0986845 0
0.999629 1
0.915595 0
0.000734311 0
0.999518 1
0.000621536 0
0.180674 0
0.000158441 0
0.999735 1
0.0255571 0
0.00917785 0
0.999241 1
0.978383 1
0.998727 1
0.99977 1
0.00133537 0
0.024576 0
0.998337 1
0.00979885 0
0.00211189 0
0.0272569 0
0.999761 1
0.00103542 0
0.997249 0
0.00242467 0
0.176472 1
0.0021817 0
0.00139943 0
0.00057199 0
0.00775332 1
0.00019201 0
0.999349 1
0.000893913 0
0.000212408 0
0.000802825 0
0.000956196 0
0.990624 1
0.997228 1
0.000242067 0
0.998553 1
0.988695 1
0.998358 1
0.998809 1
0.999736 1
0.680335 0
0.990984 1
0.999347 1
0.000548462 0
0.997244 1
0.000492078 0
0.998238 1
0.00794062 0
0.00452512 0
0.0010619 0
0.999136 1
0.311614 0
0.00123971 0
0.726945 1
0.026586 0
0.000912518 0
0.999723 1
0.121221 0
0.00373638 0
0.00137366 0
0.0336979 0
0.00510242 0
0.00232626 0
0.999717 1
0.00663377 0
0.00294811 0
0.821866 0
0.0019473 0
0.61477 0
0.675193 1
0.999711 1
0.00483287 0
0.000633945 0
0.000244874 0
0.01297 0
0.000716361 0
0.00461544 0
0.996579 1
0.00432141 0
0.200443 0
0.0193228 0
0.999683 1
0.995572 1
0.0285374 0
0.999704 1
0.00217924 0
0.0429547 0
0.702443 1
0.995493 1
0.000678372 0
0.00723233 0
0.999707 1
0.00366001 0
0.286105 0
0.00324305 0
0.0037652 0
0.517296 1
0.00675903 0
0.24024 0
0.895756 1
0.000933888 0
0.999714 1
0.999714 1
0.998693 1
0.482111 0
0.0187592 0
0.00303918 0
0.998996 1
0.998849 1
8.13525e-05 0
0.0408949 0
0.998527 1
0.976316 1
0.00145946 0
0.996244 1
0.445834 0
0.99853 1
0.00178221 0
0.53468 0
0.99542 1
0.999392 1
0.000749906 0
0.988314 1
0.999704 1
0.0424851 0
0.999549 1
0.000755245 0
0.00219099 0
0.0189704 0
0.19292 0
0.00812962 0
0.994865 1
0.00577151 0
0.635991 1
0.0126242 0
0.201731 1
0.0268303 0
0.000406458 0
0.00204747 0
0.00549194 0
0.499652 0
0.998799 1
0.0470771 0
0.999663 1
0.00670442 0
0.0899818 0
0.130503 0
0.000201724 0
0.00115526 0
0.389333 1
0.000541722 0
0.000415726 0
0.00732 0
0.0156222 0
0.998779 1
0.998059 1
0.96414 1
0.0923666 0
0.00311877 0
0.00177798 0
0.00136802 0
0.96997 1
0.99904 1
0.979564 1
0.00122672 0
0.999613 1
0.993997 1
0.000167065 0
0.99961 1
0.998241 1
0.117612 0
0.0247777 0
0.0022825 0
0.0200592 0
0.988669 1
0.00142637 0
0.00595941 0
0.00248363 0
0.00650945 0
0.999221 1
0.999662 1
0.00145315 0
0.997287 1
0.00190038 0
0.0992259 0
0.232977 0
0.998476 1
0.999039 1
0.00215313 0
0.99972 1
0.00187911 0
0.00220737 0
0.964966 1
0.00614433 0
0.00373227 0
0.999656 1
0.991764 1
0.999513 1
0.00736392 0
0.999667 1
0.946828 1
0.158966 0
0.0227917 0
0.0366047 0
0.843953 1
0.00316986 0
0.0150491 0
0.0309641 0
0.000644147 0
0.00200484 0
0.00258739 0
0.000111584 0
0.000538698 0
0.0508653 0
0.000145598 0
0.862683 0
0.00942609 0
0.608646 1
0.0115555 0
0.0344714 0
0.0139399 0
0.999543 1
0.00249294 1
0.000445544 0
0.000415039 0
0.00284987 0
0.783518 0
0.99939 1
0.000391227 0
0.000177232 0
0.00694231 0
0.994616 1
0.936818 0
0.999642 1
0.999248 1
0.000265618 0
0.00601104 0
0.0031179 0
0.986111 1
0.0115138 0
0.00257832 0
0.000520816 0
0.999588 1
6.71492e-05 0
0.000634417 0
0.000544195 0
0.999721 1
0.99867 1
0.142801 1
0.981247 1
0.000417195 0
0.000709073 0
0.999744 1
0.072971 0
0.000167676 0
0.995945 1
0.999694 1
0.999098 1
0.0951771 0
0.975287 1
0.000795509 0
0.00919243 0
0.108881 1
0.00117511 0
0.299117 0
0.0225079 0
0.0215831 0
0.000133769 0
0.00200626 0
0.00153215 0
0.999352 1
0.00221833 0
0.999082 1
0.0015557 0
0.999279 1
0.164538 0
0.995668 1
0.938378 1
0.0385306 0
0.0901193 0
0.998299 1
0.00208493 0
0.999756 1
0.999373 1
0.00113294 0
0.00134899 0
0.000196331 0
0.965119 1
0.000778018 0
0.00032201 0
0.99854 1
0.000204461 0
0.999732 1
0.531872 0
0.350106 0
0.00741024 0
0.986138 1
0.999591 1
0.999004 1
0.380541 0
0.00284965 0
0.99722 1
0.999079 1
0.726107 1
0.999774 1
0.0222314 0
0.000511125 0
0.354468 0
0.0363491 0
0.00978715 0
0.000573777 0
0.000801958 0
0.166384 1
0.0147751 0
0.0130012 0
0.00204663 0
0.998347 1
0.999754 1
0.0829778 0
6.34576e-05 0
0.000150562 0
0.538391 0
0.99916 1
0.962452 1
